created_at:2024-12-25T19:05:57.757818
updated_at:2024-12-25T19:06:24.031582
text:hvyrxur
